Date/Time	Green Algae	Bluegreen	Diatoms	Cryptophyta	#5	#6	#7	Yellow substances	Total conc.	Transmission	Depth	Temp. Sample	Green Algae	Bluegreen	Diatoms	Cryptophyta	#5	#6	#7	Yellow substances	Total cell count	Trans. 700 nm	LED 3 [525 nm]	LED 4 [570 nm]	LED 5 [610 nm]	LED 6 [370 nm]	LED 7 [590 nm]	LED 8 [470 nm]	Pressure	Temp. LEDs	Temp. Sensor
date	µg/l	µg/l	µg/l	µg/l	µg/l	µg/l	µg/l	r.u.	µg/l	%	m	°C	cells/ml	cells/ml	cells/ml	cells/ml	cells/ml	cells/ml	cells/ml	r.u.	cells/ml	digits	digits	digits	digits	digits	digits	digits	bar	°C	°C
1/29/2024 3:00:42 PM	10.37	0.00	5.58	0.00	0.00	0.00	0.00	0.38	15.95	100.00	0.01	6.90	5499	0	2510	0	0	0	0	0	8008	180.20	20.76	5.25	15.58	28.00	16.94	60.86	1.00	18.91	21.89
1/29/2024 3:00:45 PM	10.14	0.00	5.73	0.00	0.00	0.00	0.00	0.58	15.87	100.00	0.04	6.73	5373	0	2578	0	0	0	0	0	7952	178.46	21.55	4.28	15.30	29.85	16.78	62.69	1.00	18.91	21.84
1/29/2024 3:00:47 PM	10.49	0.00	5.60	0.00	0.00	0.00	0.00	0.60	16.09	100.00	0.08	7.10	5560	0	2521	0	0	0	0	0	8080	179.76	21.52	4.10	15.50	30.29	16.66	63.53	1.01	18.93	21.89
1/29/2024 3:00:49 PM	11.15	0.00	5.23	0.00	0.00	0.00	0.00	0.49	16.39	100.00	0.12	7.67	5912	0	2356	0	0	0	0	0	8267	179.27	20.65	3.97	15.19	29.25	16.23	63.51	1.01	18.95	21.86
1/29/2024 3:00:52 PM	12.15	0.00	4.90	0.00	0.00	0.00	0.00	0.45	17.05	100.00	0.13	8.05	6439	0	2203	0	0	0	0	0	8642	178.81	20.34	4.49	16.00	29.84	17.29	64.47	1.01	18.96	21.88
1/29/2024 3:00:54 PM	11.16	0.00	5.00	0.00	0.00	0.00	0.00	0.66	16.16	100.00	0.20	7.40	5913	0	2252	0	0	0	0	0	8165	178.36	20.76	4.16	16.10	31.16	17.49	62.97	1.02	18.96	21.89
1/29/2024 3:00:57 PM	11.01	0.00	5.67	0.00	0.00	0.00	0.00	0.55	16.68	100.00	0.21	6.20	5834	0	2550	0	0	0	0	0	8385	179.09	21.80	4.89	16.24	30.61	16.68	65.09	1.02	18.96	21.89
1/29/2024 3:00:59 PM	10.40	0.00	5.62	0.00	0.00	0.00	0.00	0.70	16.01	100.00	0.23	6.17	5511	0	2527	0	0	0	0	0	8038	178.97	21.81	4.99	16.11	31.56	17.53	63.50	1.02	18.97	21.88
1/29/2024 3:01:01 PM	11.09	0.00	5.98	0.00	0.00	0.00	0.00	0.51	17.07	100.00	0.27	6.31	5879	0	2689	0	0	0	0	0	8568	178.35	22.56	4.38	16.59	30.92	17.76	66.16	1.03	18.96	21.90
1/29/2024 3:01:04 PM	11.14	0.00	5.58	0.29	0.00	0.00	0.00	0.48	17.02	100.00	0.31	6.11	5907	0	2513	9	0	0	0	0	8429	178.97	22.51	4.71	16.55	30.73	20.06	65.21	1.03	18.97	21.86
1/29/2024 3:01:06 PM	11.92	0.10	5.91	0.00	0.00	0.00	0.00	0.42	17.94	100.00	0.38	6.65	6319	105	2659	0	0	0	0	0	9083	179.32	22.88	4.61	18.47	31.41	19.29	67.31	1.04	18.97	21.86
1/29/2024 3:01:08 PM	10.62	0.00	6.81	0.00	0.00	0.00	0.00	0.53	17.43	100.00	0.46	6.35	5630	0	3063	0	0	0	0	0	8694	178.70	24.20	5.18	16.23	31.86	19.03	68.49	1.05	18.96	21.88
1/29/2024 3:01:11 PM	10.51	0.00	6.95	0.00	0.00	0.00	0.00	0.57	17.46	100.00	0.51	5.73	5570	0	3126	0	0	0	0	0	8696	178.89	24.72	5.28	17.38	32.58	19.08	68.64	1.05	18.96	21.86
1/29/2024 3:01:13 PM	11.20	0.00	6.27	0.00	0.00	0.00	0.00	0.62	17.46	100.00	0.57	5.82	5934	0	2821	0	0	0	0	0	8754	179.39	23.38	5.45	15.71	32.56	18.77	68.95	1.06	18.94	21.86
1/29/2024 3:01:16 PM	11.93	0.00	6.48	0.00	0.00	0.00	0.00	0.36	18.41	100.00	0.62	5.78	6324	0	2916	0	0	0	0	0	9240	178.23	23.89	4.01	17.22	31.41	19.56	69.88	1.06	18.93	21.84
1/29/2024 3:01:18 PM	11.38	0.00	6.05	0.00	0.00	0.00	0.00	0.53	17.43	100.00	0.69	5.87	6029	0	2722	0	0	0	0	0	8751	178.38	23.03	3.02	16.00	31.66	19.52	67.48	1.07	18.92	21.83
1/29/2024 3:01:20 PM	11.00	0.00	6.79	0.00	0.00	0.00	0.00	0.63	17.79	100.00	0.77	6.25	5829	0	3055	0	0	0	0	0	8884	179.36	24.68	5.51	16.91	33.53	19.69	70.16	1.08	18.91	21.80
1/29/2024 3:01:23 PM	13.08	0.00	5.69	0.00	0.00	0.00	0.00	0.55	18.77	100.00	0.85	6.24	6933	0	2559	0	0	0	0	0	9492	179.54	23.15	4.02	17.43	33.59	19.60	71.68	1.08	18.89	21.79
1/29/2024 3:01:25 PM	11.20	0.00	7.21	0.00	0.00	0.00	0.00	0.50	18.41	100.00	0.91	5.81	5935	0	3246	0	0	0	0	0	9181	178.29	25.38	5.53	16.87	32.95	19.59	72.10	1.09	18.88	21.79
1/29/2024 3:01:27 PM	11.55	0.00	7.32	0.00	0.00	0.00	0.00	0.55	18.87	100.00	0.99	5.85	6120	0	3293	0	0	0	0	0	9414	178.64	25.88	6.01	16.81	34.09	19.95	74.33	1.10	18.85	21.81
1/29/2024 3:01:30 PM	12.76	0.00	7.51	0.00	0.00	0.00	0.00	0.50	20.26	100.00	1.07	6.12	6760	0	3378	0	0	0	0	0	10138	178.29	27.15	4.57	19.03	35.52	19.83	78.79	1.11	18.84	21.76
1/29/2024 3:01:32 PM	12.01	0.00	7.89	0.00	0.00	0.00	0.00	0.45	19.90	100.00	1.15	6.15	6365	0	3549	0	0	0	0	0	9913	178.50	27.42	5.14	18.16	34.76	20.99	77.37	1.11	18.81	21.75
1/29/2024 3:01:35 PM	11.89	0.00	8.61	0.00	0.00	0.00	0.00	0.52	20.50	100.00	1.25	5.82	6303	0	3874	0	0	0	0	0	10177	178.10	29.01	6.01	18.06	36.02	20.12	81.53	1.12	18.79	21.73
1/29/2024 3:01:37 PM	11.94	0.00	8.92	0.00	0.00	0.00	0.00	0.42	20.86	100.00	1.37	5.34	6329	0	4013	0	0	0	0	0	10343	178.81	29.76	4.44	18.48	35.83	21.52	81.96	1.13	18.76	21.74
1/29/2024 3:01:39 PM	12.44	0.00	8.96	0.00	0.00	0.00	0.00	0.51	21.39	100.00	1.47	5.21	6593	0	4030	0	0	0	0	0	10623	178.27	30.37	5.79	19.84	37.67	21.41	84.29	1.14	18.74	21.68
1/29/2024 3:01:42 PM	13.44	0.00	8.91	0.00	0.00	0.00	0.00	0.39	22.35	100.00	1.55	5.40	7122	0	4011	0	0	0	0	0	11133	179.35	30.48	6.11	20.10	37.79	22.67	86.31	1.15	18.72	21.70
1/29/2024 3:01:44 PM	13.57	0.00	9.21	0.00	0.00	0.00	0.00	0.37	22.78	100.00	1.63	5.30	7193	0	4145	0	0	0	0	0	11338	178.94	31.29	5.17	20.59	38.09	22.41	88.15	1.16	18.69	21.66
1/29/2024 3:01:47 PM	12.32	0.00	9.87	0.00	0.00	0.00	0.00	0.50	22.19	100.00	1.71	5.16	6529	0	4443	0	0	0	0	0	10972	179.08	32.38	6.16	19.98	38.85	22.53	88.03	1.17	18.67	21.64
1/29/2024 3:01:49 PM	13.66	0.00	9.17	0.00	0.00	0.00	0.00	0.42	22.82	100.00	1.78	5.22	7238	0	4124	0	0	0	0	0	11363	178.22	31.38	5.82	20.56	39.00	23.98	88.11	1.17	18.63	21.61
1/29/2024 3:01:51 PM	12.94	0.00	9.50	0.00	0.00	0.00	0.00	0.39	22.45	100.00	1.86	5.23	6860	0	4276	0	0	0	0	0	11136	179.08	31.62	6.63	20.64	38.19	23.00	87.10	1.18	18.60	21.60
1/29/2024 3:01:54 PM	13.43	0.00	9.25	0.00	0.00	0.00	0.00	0.35	22.68	100.00	1.92	5.24	7116	0	4164	0	0	0	0	0	11280	178.59	31.14	6.08	20.25	37.77	22.72	87.57	1.19	18.55	21.60
1/29/2024 3:01:56 PM	12.30	0.00	10.33	0.00	0.00	0.00	0.00	0.49	22.63	100.00	2.01	5.22	6521	0	4646	0	0	0	0	0	11168	178.47	33.48	6.80	20.83	39.75	23.87	89.37	1.20	18.53	21.57
1/29/2024 3:01:58 PM	13.88	0.00	9.73	0.00	0.00	0.00	0.00	0.44	23.61	100.00	2.09	5.08	7357	0	4377	0	0	0	0	0	11734	178.30	32.80	6.45	21.42	40.17	23.43	91.82	1.20	18.50	21.57
1/29/2024 3:02:01 PM	14.18	0.00	10.52	0.00	0.00	0.00	0.00	0.42	24.70	100.00	2.22	4.98	7517	0	4734	0	0	0	0	0	12252	178.22	34.81	6.32	22.00	41.63	24.15	96.55	1.22	18.46	21.53
1/29/2024 3:02:03 PM	14.09	0.00	11.16	0.00	0.00	0.00	0.00	0.34	25.24	100.00	2.35	4.87	7465	0	5020	0	0	0	0	0	12485	177.83	36.05	6.93	22.70	41.81	24.84	98.21	1.23	18.42	21.50
1/29/2024 3:02:06 PM	14.00	0.00	10.94	0.00	0.00	0.00	0.00	0.45	24.93	100.00	2.46	4.83	7418	0	4921	0	0	0	0	0	12339	178.29	35.78	6.57	22.16	42.48	25.19	97.77	1.24	18.38	21.47
1/29/2024 3:02:08 PM	13.90	0.00	10.92	0.00	0.00	0.00	0.00	0.35	24.82	100.00	2.58	4.80	7369	0	4913	0	0	0	0	0	12282	177.85	35.32	7.06	21.94	41.14	24.31	96.84	1.25	18.35	21.47
1/29/2024 3:02:10 PM	14.31	0.00	10.70	0.00	0.00	0.00	0.00	0.36	25.02	100.00	2.68	4.93	7587	0	4816	0	0	0	0	0	12402	178.81	35.14	6.46	22.11	41.48	24.78	97.15	1.26	18.31	21.40
1/29/2024 3:02:13 PM	13.27	0.00	11.10	0.00	0.00	0.00	0.00	0.45	24.38	100.00	2.75	5.04	7035	0	4996	0	0	0	0	0	12031	177.50	35.72	6.01	21.47	41.52	24.17	96.51	1.27	18.28	21.44
1/29/2024 3:02:15 PM	13.53	0.00	10.70	0.00	0.00	0.00	0.00	0.50	24.23	100.00	2.81	5.05	7171	0	4817	0	0	0	0	0	11988	178.20	34.95	7.10	21.08	41.86	24.55	95.83	1.28	18.23	21.38
1/29/2024 3:02:17 PM	13.64	0.00	10.91	0.00	0.00	0.00	0.00	0.43	24.55	100.00	2.87	5.10	7231	0	4909	0	0	0	0	0	12140	177.38	35.51	6.36	22.28	41.75	24.57	96.27	1.28	18.19	21.37
1/29/2024 3:02:20 PM	13.88	0.00	11.04	0.00	0.00	0.00	0.00	0.41	24.93	100.00	2.94	5.09	7357	0	4970	0	0	0	0	0	12327	177.68	35.74	6.89	21.90	41.80	24.15	97.98	1.29	18.15	21.34
1/29/2024 3:02:22 PM	13.81	0.00	11.32	0.00	0.00	0.00	0.00	0.41	25.13	100.00	3.03	5.04	7320	0	5094	0	0	0	0	0	12415	177.78	36.50	6.87	22.55	42.53	25.44	98.48	1.30	18.10	21.28
1/29/2024 3:02:25 PM	13.78	0.00	10.83	0.00	0.00	0.00	0.00	0.42	24.61	100.00	3.11	4.91	7304	0	4873	0	0	0	0	0	12177	177.85	35.39	6.53	22.58	41.75	24.53	96.17	1.30	18.06	21.27
1/29/2024 3:02:27 PM	14.04	0.00	11.10	0.00	0.00	0.00	0.00	0.40	25.14	100.00	3.20	4.84	7442	0	4995	0	0	0	0	0	12437	178.23	36.00	6.92	22.21	42.21	24.75	98.54	1.31	18.02	21.28
1/29/2024 3:02:29 PM	14.13	0.00	10.97	0.00	0.00	0.00	0.00	0.41	25.10	100.00	3.31	4.81	7487	0	4936	0	0	0	0	0	12424	177.45	35.87	6.64	22.73	42.35	25.03	97.93	1.32	17.98	21.23
1/29/2024 3:02:32 PM	14.17	0.00	11.36	0.00	0.00	0.00	0.00	0.45	25.53	100.00	3.39	4.76	7511	0	5112	0	0	0	0	0	12623	177.37	36.88	6.82	22.86	43.37	25.41	100.26	1.33	17.94	21.19
1/29/2024 3:02:34 PM	13.91	0.00	11.29	0.00	0.00	0.00	0.00	0.38	25.20	100.00	3.49	4.79	7370	0	5082	0	0	0	0	0	12451	177.76	36.44	7.05	22.88	42.39	25.67	98.19	1.34	17.90	21.18
1/29/2024 3:02:36 PM	13.98	0.00	11.31	0.00	0.00	0.00	0.00	0.44	25.29	100.00	3.60	4.75	7408	0	5091	0	0	0	0	0	12499	177.58	36.66	6.70	22.64	42.99	25.50	99.26	1.35	17.85	21.14
1/29/2024 3:02:39 PM	14.28	0.00	10.87	0.00	0.00	0.00	0.00	0.43	25.16	100.00	3.73	4.69	7570	0	4893	0	0	0	0	0	12463	177.77	35.67	7.00	22.19	42.49	24.93	98.45	1.37	17.79	21.10
1/29/2024 3:02:41 PM	13.64	0.00	11.27	0.00	0.00	0.00	0.00	0.41	24.91	100.00	3.80	4.67	7229	0	5071	0	0	0	0	0	12300	177.35	36.27	6.74	22.34	42.15	24.90	97.86	1.37	17.76	21.10
1/29/2024 3:02:44 PM	13.82	0.00	11.25	0.00	0.00	0.00	0.00	0.42	25.08	100.00	3.91	4.62	7327	0	5065	0	0	0	0	0	12392	177.53	36.37	6.84	22.58	42.48	25.25	98.29	1.38	17.71	21.05
1/29/2024 3:02:46 PM	13.83	0.00	11.18	0.00	0.00	0.00	0.00	0.47	25.01	100.00	4.01	4.60	7332	0	5029	0	0	0	0	0	12361	177.44	36.28	7.16	22.47	42.87	25.21	98.38	1.39	17.67	21.05
1/29/2024 3:02:48 PM	13.59	0.00	11.31	0.00	0.00	0.00	0.00	0.42	24.91	100.00	4.08	4.61	7205	0	5090	0	0	0	0	0	12295	176.88	36.36	7.04	22.45	42.29	25.05	97.84	1.40	17.62	21.00
1/29/2024 3:02:51 PM	13.54	0.00	11.21	0.00	0.00	0.00	0.00	0.46	24.75	100.00	4.18	4.63	7177	0	5043	0	0	0	0	0	12220	177.51	36.24	6.75	22.49	42.52	25.06	97.45	1.41	17.57	20.95
1/29/2024 3:02:53 PM	13.68	0.00	11.40	0.00	0.00	0.00	0.00	0.48	25.08	100.00	4.27	4.62	7249	0	5131	0	0	0	0	0	12380	177.02	36.78	7.06	22.51	43.19	25.48	98.97	1.42	17.53	20.93
1/29/2024 3:02:56 PM	13.80	0.00	11.18	0.00	0.00	0.00	0.00	0.44	24.98	100.00	4.35	4.62	7313	0	5031	0	0	0	0	0	12344	177.21	36.26	6.44	22.58	42.49	24.97	98.09	1.43	17.47	20.92
1/29/2024 3:02:58 PM	13.69	0.00	11.45	0.00	0.00	0.00	0.00	0.44	25.14	100.00	4.42	4.66	7256	0	5153	0	0	0	0	0	12410	177.16	36.89	6.92	23.05	43.02	25.75	98.63	1.43	17.43	20.89
1/29/2024 3:03:00 PM	14.30	0.00	11.28	0.00	0.00	0.00	0.00	0.43	25.59	100.00	4.49	4.69	7580	0	5078	0	0	0	0	0	12658	176.79	36.75	7.00	23.07	43.32	25.42	100.15	1.44	17.39	20.87
1/29/2024 3:03:03 PM	13.95	0.00	11.42	0.00	0.00	0.00	0.00	0.46	25.38	100.00	4.55	4.71	7394	0	5141	0	0	0	0	0	12535	176.79	36.92	6.66	22.50	43.24	25.38	100.01	1.45	17.33	20.83
1/29/2024 3:03:05 PM	14.00	0.00	11.40	0.00	0.00	0.00	0.00	0.49	25.40	100.00	4.65	4.71	7419	0	5131	0	0	0	0	0	12550	176.84	36.96	6.88	22.61	43.59	25.39	100.26	1.46	17.28	20.79
1/29/2024 3:03:07 PM	13.50	0.00	11.48	0.00	0.00	0.00	0.00	0.52	24.99	100.00	4.73	4.70	7157	0	5168	0	0	0	0	0	12324	176.62	37.03	7.10	22.91	43.56	25.43	98.89	1.46	17.24	20.75
1/29/2024 3:03:10 PM	13.85	0.00	11.34	0.00	0.00	0.00	0.00	0.49	25.19	100.00	4.81	4.68	7342	0	5101	0	0	0	0	0	12444	176.48	36.70	6.90	22.18	43.32	25.51	99.51	1.47	17.20	20.72
1/29/2024 3:03:12 PM	13.90	0.00	11.53	0.00	0.00	0.00	0.00	0.46	25.43	100.00	4.89	4.63	7366	0	5190	0	0	0	0	0	12556	176.60	37.17	7.07	22.86	43.49	25.52	100.19	1.48	17.14	20.74
1/29/2024 3:03:15 PM	14.01	0.00	11.68	0.00	0.00	0.00	0.00	0.49	25.70	100.00	4.99	4.65	7428	0	5257	0	0	0	0	0	12685	176.36	37.72	7.24	23.39	44.32	25.87	101.35	1.49	17.08	20.68
1/29/2024 3:03:17 PM	13.97	0.00	11.49	0.00	0.00	0.00	0.00	0.50	25.46	100.00	5.09	4.67	7407	0	5171	0	0	0	0	0	12577	176.53	37.20	7.13	22.79	43.90	25.78	100.49	1.50	17.03	20.61
1/29/2024 3:03:19 PM	14.04	0.00	11.44	0.00	0.00	0.00	0.00	0.47	25.48	100.00	5.21	4.63	7442	0	5149	0	0	0	0	0	12591	176.28	37.07	7.20	23.07	43.66	25.65	100.18	1.51	17.01	20.66
1/29/2024 3:03:22 PM	13.62	0.00	11.49	0.00	0.00	0.00	0.00	0.52	25.11	100.00	5.31	4.62	7221	0	5170	0	0	0	0	0	12391	176.76	37.06	7.25	22.67	43.69	25.58	99.42	1.52	16.95	20.59
1/29/2024 3:03:24 PM	14.03	0.00	11.19	0.00	0.00	0.00	0.00	0.50	25.23	100.00	5.40	4.69	7438	0	5036	0	0	0	0	0	12474	176.44	36.58	7.01	22.89	43.59	25.48	99.27	1.53	16.91	20.54
1/29/2024 3:03:26 PM	13.70	0.00	11.22	0.00	0.00	0.00	0.00	0.54	24.92	100.00	5.49	4.74	7259	0	5051	0	0	0	0	0	12310	176.54	36.51	7.19	22.49	43.53	25.35	98.64	1.54	16.85	20.53
1/29/2024 3:03:29 PM	13.77	0.00	11.63	0.00	0.00	0.00	0.00	0.54	25.40	100.00	5.56	4.84	7298	0	5234	0	0	0	0	0	12531	176.70	37.58	7.28	23.17	44.40	25.66	100.71	1.54	16.80	20.44
1/29/2024 3:03:31 PM	13.76	0.00	11.59	0.00	0.00	0.00	0.00	0.54	25.35	100.00	5.65	4.95	7293	0	5216	0	0	0	0	0	12509	176.00	37.48	7.56	23.33	44.41	25.93	100.26	1.55	16.77	20.54
1/29/2024 3:03:34 PM	14.45	0.00	11.53	0.00	0.00	0.00	0.00	0.56	25.98	100.00	5.71	5.00	7657	0	5189	0	0	0	0	0	12847	176.36	37.65	7.50	22.86	45.15	25.72	103.07	1.56	16.72	20.42
1/29/2024 3:03:36 PM	14.73	0.00	10.96	0.00	0.00	0.00	0.00	0.53	25.69	100.00	5.80	4.88	7806	0	4932	0	0	0	0	0	12738	176.17	36.33	6.92	22.33	44.03	24.80	101.43	1.57	16.66	20.34
1/29/2024 3:03:38 PM	14.05	0.00	11.11	0.00	0.00	0.00	0.00	0.55	25.16	100.00	5.88	4.65	7445	0	5001	0	0	0	0	0	12446	175.81	36.43	7.11	22.39	43.79	25.16	99.61	1.58	16.61	20.36
1/29/2024 3:03:41 PM	13.96	0.00	11.19	0.00	0.00	0.00	0.00	0.60	25.15	100.00	5.96	4.61	7401	0	5035	0	0	0	0	0	12436	175.99	36.70	6.96	22.37	44.31	25.00	100.22	1.58	16.57	20.28
1/29/2024 3:03:43 PM	13.91	0.00	11.34	0.00	0.00	0.00	0.00	0.57	25.25	100.00	6.14	4.58	7373	0	5105	0	0	0	0	0	12477	175.71	36.95	7.06	22.47	44.18	25.34	100.35	1.60	16.53	20.27
1/29/2024 3:03:46 PM	14.00	0.00	11.00	0.00	0.00	0.00	0.00	0.54	25.00	100.00	6.35	4.47	7418	0	4949	0	0	0	0	0	12368	175.45	36.11	6.98	22.29	43.44	24.81	98.93	1.62	16.47	20.28
1/29/2024 3:03:48 PM	13.84	0.00	11.19	0.00	0.00	0.00	0.00	0.58	25.03	100.00	6.58	4.40	7338	0	5034	0	0	0	0	0	12372	175.44	36.62	6.92	22.44	44.03	25.13	99.52	1.64	16.45	20.23
1/29/2024 3:03:50 PM	13.55	0.00	11.29	0.00	0.00	0.00	0.00	0.63	24.85	100.00	6.78	4.39	7184	0	5081	0	0	0	0	0	12265	175.71	36.77	7.05	22.01	44.24	25.07	99.54	1.66	16.38	20.21
1/29/2024 3:03:53 PM	14.34	0.00	11.08	0.00	0.00	0.00	0.00	0.58	25.41	100.00	6.94	4.41	7598	0	4985	0	0	0	0	0	12583	175.85	36.59	6.84	22.57	44.33	24.97	100.79	1.68	16.35	20.13
1/29/2024 3:03:55 PM	14.28	0.00	11.36	0.00	0.00	0.00	0.00	0.59	25.63	100.00	7.13	4.43	7567	0	5110	0	0	0	0	0	12677	175.51	37.26	7.13	22.86	44.93	25.58	101.76	1.70	16.31	20.23
1/29/2024 3:03:57 PM	13.70	0.00	11.16	0.00	0.00	0.00	0.00	0.59	24.86	100.00	7.45	4.44	7259	0	5023	0	0	0	0	0	12282	175.48	36.49	6.97	22.35	43.88	25.11	98.90	1.73	16.25	20.11
1/29/2024 3:04:00 PM	13.90	0.00	11.28	0.00	0.00	0.00	0.00	0.64	25.18	100.00	7.55	4.43	7367	0	5078	0	0	0	0	0	12445	175.38	37.04	6.88	22.55	44.85	25.29	100.64	1.74	16.21	20.01
1/29/2024 3:04:02 PM	13.84	0.00	11.31	0.00	0.00	0.00	0.00	0.63	25.15	100.00	7.67	4.43	7336	0	5090	0	0	0	0	0	12425	174.85	37.07	7.02	22.92	44.77	25.31	100.26	1.75	16.17	20.04
1/29/2024 3:04:05 PM	14.11	0.00	11.03	0.00	0.00	0.00	0.00	0.64	25.14	100.00	7.76	4.46	7478	0	4965	0	0	0	0	0	12443	175.13	36.57	6.80	22.53	44.74	25.15	100.21	1.76	16.12	20.02
1/29/2024 3:04:07 PM	13.80	0.00	11.19	0.00	0.00	0.00	0.00	0.65	24.98	100.00	7.93	4.47	7311	0	5033	0	0	0	0	0	12345	175.29	36.82	6.82	22.74	44.72	25.14	99.78	1.78	16.06	19.96
1/29/2024 3:04:09 PM	13.66	0.00	11.24	0.00	0.00	0.00	0.00	0.60	24.91	100.00	8.15	4.45	7242	0	5058	0	0	0	0	0	12301	175.06	36.71	6.89	22.45	44.08	25.17	99.23	1.80	16.03	19.92
1/29/2024 3:04:12 PM	14.05	0.00	11.00	0.00	0.00	0.00	0.00	0.65	25.05	100.00	8.31	4.46	7446	0	4949	0	0	0	0	0	12395	175.16	36.46	6.84	22.54	44.63	24.96	99.88	1.81	15.99	19.94
1/29/2024 3:04:14 PM	14.04	0.00	11.10	0.00	0.00	0.00	0.00	0.64	25.15	100.00	8.46	4.49	7443	0	4996	0	0	0	0	0	12439	174.85	36.72	6.90	22.78	44.81	25.13	100.21	1.83	15.95	19.92
1/29/2024 3:04:16 PM	13.97	0.00	10.99	0.00	0.00	0.00	0.00	0.63	24.96	100.00	8.58	4.47	7403	0	4944	0	0	0	0	0	12348	174.42	36.33	6.90	22.39	44.34	25.23	99.30	1.84	15.91	19.86
1/29/2024 3:04:19 PM	13.87	0.00	11.30	0.00	0.00	0.00	0.00	0.65	25.17	100.00	8.73	4.46	7349	0	5085	0	0	0	0	0	12434	174.81	37.08	7.11	22.69	44.99	25.40	100.56	1.86	15.86	19.91
1/29/2024 3:04:21 PM	14.09	0.00	11.25	0.00	0.00	0.00	0.00	0.64	25.34	100.00	8.92	4.43	7467	0	5064	0	0	0	0	0	12531	174.37	37.10	7.07	22.90	45.15	25.51	100.98	1.87	15.81	19.80
1/29/2024 3:04:24 PM	14.17	0.00	11.20	0.00	0.00	0.00	0.00	0.64	25.37	100.00	8.94	4.44	7510	0	5039	0	0	0	0	0	12549	174.83	36.99	7.05	22.82	45.12	25.56	100.99	1.88	15.77	19.80
1/29/2024 3:04:26 PM	14.13	0.00	11.34	0.00	0.00	0.00	0.00	0.65	25.47	100.00	8.96	4.53	7489	0	5105	0	0	0	0	0	12594	174.52	37.44	7.00	23.31	45.62	25.98	101.40	1.88	15.72	19.70
1/29/2024 3:04:28 PM	14.17	0.00	11.05	0.00	0.00	0.00	0.00	0.66	25.21	100.00	9.05	4.55	7509	0	4971	0	0	0	0	0	12480	174.68	36.66	6.93	22.64	44.98	25.00	100.64	1.89	15.69	19.73
1/29/2024 3:04:31 PM	14.43	0.00	10.96	0.00	0.00	0.00	0.00	0.66	25.40	100.00	9.16	4.53	7650	0	4933	0	0	0	0	0	12583	174.63	36.67	6.96	23.09	45.32	25.36	100.91	1.90	15.65	19.63
1/29/2024 3:04:33 PM	13.90	0.00	10.96	0.00	0.00	0.00	0.00	0.71	24.86	100.00	9.30	4.56	7369	0	4931	0	0	0	0	0	12299	174.50	36.46	6.75	22.36	45.04	25.05	99.69	1.91	15.60	19.60
1/29/2024 3:04:35 PM	14.33	0.00	11.19	0.00	0.00	0.00	0.00	0.67	25.53	100.00	9.45	4.53	7598	0	5036	0	0	0	0	0	12634	173.82	37.18	6.95	23.02	45.70	25.75	101.73	1.93	15.56	19.57
1/29/2024 3:04:38 PM	14.67	0.00	11.45	0.00	0.00	0.00	0.00	0.66	26.12	100.00	9.60	4.52	7774	0	5154	0	0	0	0	0	12927	174.05	37.95	7.17	23.56	46.44	26.02	103.95	1.94	15.53	19.55
1/29/2024 3:04:40 PM	14.17	0.00	11.52	0.00	0.00	0.00	0.00	0.72	25.68	100.00	9.75	4.49	7509	0	5182	0	0	0	0	0	12691	174.16	37.99	7.13	23.23	46.53	26.08	102.97	1.96	15.46	19.53
1/29/2024 3:04:43 PM	14.01	0.00	11.49	0.00	0.00	0.00	0.00	0.74	25.50	100.00	9.91	4.50	7426	0	5168	0	0	0	0	0	12594	173.72	37.89	7.32	23.33	46.53	26.09	102.30	1.97	15.43	19.46
1/29/2024 3:04:45 PM	14.01	0.00	11.30	0.00	0.00	0.00	0.00	0.70	25.32	100.00	10.04	4.55	7428	0	5087	0	0	0	0	0	12515	173.71	37.34	7.05	22.85	45.78	25.72	101.42	1.98	15.40	19.42
1/29/2024 3:04:47 PM	15.09	0.08	11.44	0.00	0.00	0.00	0.00	0.47	26.62	100.00	10.19	4.48	8000	84	5147	0	0	0	0	0	13231	173.11	38.12	7.46	26.27	46.01	28.34	102.35	2.00	15.35	19.38
